20 5
In 0.7339163 -0.5852911 -0.64526486 0.20609863 0.3024079
the 0.7059133 -0.49082842 -0.96746725 0.3263861 0.044863135
afternoon 0.46020845 -1.2850412 -0.13691354 -0.32603395 0.104422234
there 0.7689487 -0.65848535 -0.4549071 0.14990884 0.41547024
is 0.7470652 -0.8004651 -0.30578947 -0.678948 0.49309775
usually_acceptable 0.80620223 -0.7948349 -0.2552384 0.2945166 0.3728826
shouting 0.5231726 -0.67580336 -0.63553506 0.05442559 0.28458288
noise 0.44639182 -0.9081965 -0.80143154 -0.14318761 -0.027250737
around 0.735365 -0.57931167 -0.8419384 -0.47141603 0.10482135
YH_Basketball 0.7819466 -0.8064628 -0.28771293 0.47248736 0.34786576
birds 0.30410945 -0.73824865 -0.81103086 0.043655846 0.1572712
YH_Saloon 0.7365336 -0.76126885 -0.18425165 0.2816089 0.42063153
engine_rev 0.5027603 -0.6050479 -0.6795353 0.24692339 0.45890343
YH_Coffee_shop 0.84540164 -0.67077506 -0.4668508 0.5424798 0.42777336
YH_Carpark 0.7107916 -0.8911302 -0.19329035 0.30933535 0.27833083
YH_Playground 0.6468064 -0.8672235 -0.104787424 0.5971854 0.33552426
construction 0.63503003 -0.70532966 -0.48037606 0.06114818 0.32495585
rain 0.5778112 -0.6564306 -0.58273864 0.17077939 0.33314005
music 0.5439763 -0.71222883 -0.63144565 0.21905631 0.3738211
less_acceptable 0.7498912 -0.80956185 -0.6002746 0.015010664 0.30466527
